547928
546933
547930
546979
546993
546981
547912
546991
547983
546939
547926
546975
546928
546936
546941
546931
546960
546983
546926
547911
546965
546913
547965
547923
546909
546997
546940
546900
546943
546920
546907
547946
547968
546905
546904
547935
547969
547957
546982
546922
546946
547942
547998
546949
547910
547954
546951
546924
546955
547959
547987
546959
546968
546984
546957
547980
547989
547976
547905
547975
547902
546954
547996
546985
546919
547941
547988
546911
546995
547967
546912
546962
547947
547927
547985
547962
547963
547924
547971
547929
546930
546966
547934
546988
547952
547931
547979
546901
547914
547915
547953
547944
547984
546910
547918
547913
546958
546987
547936
547904
546934
547964
547956
546906
546925
546963
547990
547992
546915
547937
546978
546916
546921
546945
546971
547972
546961
546967
547908
546903
547932
547948
547997
546918
547970
546942
547921
547994
547993
546964
547919
547991
546944
547966
546992
547974
547961
547995
546974
546972
547945
546990
546927
547978
547907
546923
546932
546956
547938
547960
547958
546908
546970
547909
546999
547940
546947
547939
547920
547950
546902
546935
547901
547933
547951
546994
547981
546938
546914
547943
546998
546953
547925
546986
546989
546929
547900
546950
546976
547973
546917
546948
547982
547949
547999
547906
547917
547977
546996
546952
546980
547903
547922
546973
546969
546977
547916
546937
547986
547955
